$functions
function (y) 
{
    w1 = matrix(y[1:(4 * 10)], nrow = 4, ncol = 10, byrow = T)
    w2 = matrix(y[((4 * 10) + 1):length(y)], nrow = 10, ncol = 2, 
        byrow = T)
    X.test <- traindata[, 2:5]
    Y.test <- traindata[, 1]
    X.test = as.matrix(X.test)
    Z.out = X.test %*% w1
    Z.out = 1/(1 + exp(-Z.out))
    output.t = Z.out %*% w2
    N = nrow(output.t)
    a = 0
    for (i in 1:N) {
        if (Y.test[i] >= output.t[i, 1] && Y.test[i] <= output.t[i, 
            2]) 
            c = 1
        else c = 0
        a = a + c
    }
    picp = a/N
    picp = 1 - picp
    a = 0
    for (i in 1:N) {
        a = a + (output.t[i, 2] - output.t[i, 1])
    }
    nmpiw = a/N
    return(c(picp, nmpiw))
}

$parameterDim
[1] 60

$objectiveDim
[1] 2

$lowerBounds
 [1] -1 -1 -1 -1 -1 -1 -1 -1 -1 -1 -1 -1 -1 -1 -1 -1 -1 -1 -1 -1 -1 -1 -1 -1 -1 -1
[27] -1 -1 -1 -1 -1 -1 -1 -1 -1 -1 -1 -1 -1 -1 -1 -1 -1 -1 -1 -1 -1 -1 -1 -1 -1 -1
[53] -1 -1 -1 -1 -1 -1 -1 -1

$upperBounds
 [1] 1 1 1 1 1 1 1 1 1 1 1 1 1 1 1 1 1 1 1 1 1 1 1 1 1 1 1 1 1 1 1 1 1 1 1 1 1 1 1
[40] 1 1 1 1 1 1 1 1 1 1 1 1 1 1 1 1 1 1 1 1 1

$popSize
[1] 50

$tournamentSize
[1] 2

$generations
[1] 300

$XoverProb
[1] 0.9

$XoverDistIndex
[1] 20

$mutationProb
[1] 0.2

$mutationDistIndex
[1] 3

$parameters
                                                                            
 [1,] -0.9163914 -0.88830591 -0.89601980  0.71231744 -0.4777336 -0.076276591
 [2,] -0.6095731  0.99983102 -0.56841631  0.82490664 -0.4371894  0.868624313
 [3,] -0.8552007  0.88409605 -0.94999702  0.99903136 -0.9615734 -0.019543773
 [4,] -0.8996677  0.09886863 -0.99996740  0.92034886 -0.9960156 -0.885542192
 [5,] -0.8710699 -0.99543633 -0.17004699  0.30942259 -0.6349429 -0.919474475
 [6,] -0.8710699 -0.99544663 -0.17004699  0.30250117 -0.6349430 -0.929417224
 [7,] -0.8710699 -0.99523487 -0.15067135  0.31692211 -0.6348350 -0.610199166
 [8,] -0.8710699 -0.99544663 -0.17004699  0.30942342 -0.6349430 -0.919474475
 [9,]  0.9753406 -0.53696146  0.70721303  0.99993578 -0.9423482 -0.622444320
[10,] -0.8615031  0.50221551 -0.99373392  0.98025657 -0.9969526 -0.908082980
[11,] -0.8710699 -0.99905798  0.90621566 -0.22581678 -0.6349430 -0.009332822
[12,] -0.8710699 -0.99543588 -0.45637080  0.30938423 -0.6349804 -0.982173172
[13,] -0.9847903 -0.99538251  0.85751779 -0.22581678 -0.6349430  0.107992190
[14,] -0.8196329  0.50050613 -0.99970590  0.92412650 -0.9922619 -0.878593220
[15,] -0.7227055  0.49573167 -0.99992054  0.98772488 -0.9928005 -0.923898952
[16,] -0.8196329  0.35860070 -0.99970590  0.96977236 -0.9922619 -0.723002013
                                                                                
 [1,]  0.44991299 -0.3967367893 -0.1935400972  0.2933205  0.93587436  0.09086148
 [2,]  0.96896280  0.7582442329  0.8719779238  0.9774307  0.95381290  0.99824086
 [3,]  0.74587645 -0.9853720743 -0.8803971199 -0.7617710 -0.96722704 -0.54169157
 [4,]  0.21765314 -0.9899255953 -0.9987058915 -0.9987555 -0.98973911 -0.97419647
 [5,]  0.24639375 -0.5735785573 -0.0005283286  0.9995901  0.67471054  0.06650926
 [6,]  0.09271215 -0.4980570367  0.0019241561  0.9974987  0.50521394 -0.54197771
 [7,]  0.24643600 -0.3164679229 -0.0012197632  0.9989818  0.06893610  0.05611536
 [8,]  0.09271215 -0.5735785573 -0.3131057191  0.9995785  0.50521394 -0.38044905
 [9,] -0.99924214 -0.5331545463  0.4426429186  0.9445031 -0.96521481 -0.97720578
[10,]  0.71087710 -0.9933333828 -0.9049862044 -0.9850493 -0.86444457 -0.96420456
[11,]  0.83576901 -0.5617326533  0.0019241561  0.9986740  0.15944569 -0.76329863
[12,]  0.24482053 -0.3164679229  0.0019241561  0.9970415  0.50786818 -0.96451178
[13,]  0.83988187 -0.5618880541 -0.3124500974  0.9986740  0.54861228 -0.76329863
[14,]  0.76954925 -0.9901514898 -0.9986289469 -0.9969096 -0.99490495 -0.98173087
[15,]  0.83304930 -0.9901514898 -0.9998641988 -0.9862766 -0.92778636 -0.94765121
[16,]  0.74214997 -0.9901514898 -0.9986289469 -0.9912019 -0.99490495 -0.99717615
                                                                           
 [1,]  0.7712199  0.04579846  0.18203268 -0.957351893 -0.9381995 -0.3069816
 [2,]  0.9998360  0.52958678  0.78927409  0.944921060  0.9894098  0.9513276
 [3,]  0.9990147  0.75810795 -0.56588554 -0.883295215 -0.9103680 -0.9496864
 [4,]  0.9998533  0.98606057 -0.97894421 -0.971564268 -0.9925526 -0.9997994
 [5,]  0.9919355 -0.96868578  0.99867787  0.405914142  0.9994566  0.9139672
 [6,]  0.9919355 -0.98241403  0.99867787  0.424029767  0.9997402  0.9023742
 [7,]  0.9949530 -0.96847906  0.99943957  0.636480709  0.9999968  0.9023742
 [8,]  0.9919355 -0.98241589  0.99867787  0.424029767  0.9997275  0.9138064
 [9,] -0.8224302  0.64686000  0.69993611 -0.501382417 -0.9990989  0.1484335
[10,]  0.9997295  0.90228471 -0.98219643 -0.980202881 -0.9968634 -0.9998398
[11,]  0.9919355 -0.97396202  0.99868587  0.166802444  0.9999488  0.9023742
[12,]  0.9919355 -0.96885127  0.99867787 -0.126354202  0.9980626  0.9023742
[13,]  0.9862968 -0.97385820  0.99881778  0.422565632  0.9999496  0.8213612
[14,]  0.9997171  0.64837329 -0.98923491 -0.941580891 -0.9946190 -0.9999136
[15,]  0.9998542  0.79141658 -0.96841767 -0.940118126 -0.9959597 -0.9999827
[16,]  0.9997171  0.51526476 -0.98923491 -0.941580891 -0.9946190 -0.9999136
                                                                          
 [1,] -0.15566385 -0.2125226  0.3208965 -0.96461412  0.6832837 -0.22152057
 [2,]  0.99204123  0.3617302  0.9363678  0.60639796  0.9904835  0.99944890
 [3,]  0.72233592 -0.9859996 -0.1377322  0.99604882 -0.9906199 -0.99055580
 [4,]  0.64744811 -0.9999598 -0.9916204  0.99467338 -0.9999682 -0.99443002
 [5,]  0.14144280  0.8542121  0.6760499  0.11244615  0.9546654 -0.84090489
 [6,] -0.33064638  0.8243883  0.7188374 -0.26935434  0.8119965 -0.17213658
 [7,]  0.07814309  0.8524882  0.7981178  0.10992827  0.8967268 -0.17213658
 [8,]  0.19721686  0.8550196  0.6544124 -0.26935434  0.9546654 -0.17213658
 [9,]  0.60681544  0.8403903 -0.1229784  0.98200961 -0.5926803  0.72228859
[10,]  0.72270905 -0.9994431 -0.9371334  0.87409047 -0.9957471 -0.94310374
[11,] -0.13282625  0.7759539  0.2877851  0.08830984  0.6794553 -0.17213658
[12,] -0.99477644  0.7759539 -0.1086391  0.11043241  0.8940674 -0.17213658
[13,] -0.12878995  0.8812736  0.2842594 -0.22771804  0.9549948 -0.17213658
[14,]  0.92915693 -0.9999184 -0.9861672  0.87298837 -0.9997587 -0.96811936
[15,]  0.89161868 -0.9998954 -0.9915787  0.98542915 -0.9956388 -0.99973275
[16,]  0.94554049 -0.9999184 -0.9861672  0.98100450 -0.9989870 -0.93750543
                                                                          
 [1,]  0.618666567  0.62376085 -0.9670441  0.6034777 -0.4384160  0.5216307
 [2,]  0.974637819  0.95378334  0.9961785  0.8701093 -0.9688762  0.7718641
 [3,]  0.001891237 -0.62020869  0.9968433 -0.5795813 -0.9373985 -0.9997234
 [4,] -0.962581259 -0.38564542  0.7286071 -0.9028315 -0.9999577 -0.9999811
 [5,]  0.444675666  0.59332527  0.9882004  0.1718283 -0.9999962 -0.9675606
 [6,]  0.005381465  0.59332527  0.9895483  0.1718283 -0.9999962 -0.9351459
 [7,]  0.985865108  0.59230183  0.9902863  0.4930586 -0.9999700 -0.5829715
 [8,]  0.444675666  0.59332527  0.9883668  0.1718283 -0.9999962 -0.9675606
 [9,] -0.215292457 -0.88605643  0.6938119  0.5678255  0.9754092 -0.8095128
[10,] -0.875883848 -0.56792184  0.9950557 -0.9465396 -0.9975424 -0.9999878
[11,]  0.836603537  0.80838064  0.9818350  0.4953052 -0.9999589 -0.4262945
[12,]  0.426783384  0.75181295  0.9651098  0.8553626 -0.9999592 -0.5735582
[13,]  0.841595005  0.63454445  0.9882679  0.5776917 -0.9999550 -0.4272482
[14,] -0.833267226 -0.79219250  0.7176127 -0.9290703 -0.9975745 -0.9999755
[15,] -0.753826645 -0.38564542  0.9208172 -0.9041457 -0.9999849 -0.9999812
[16,] -0.833267226 -0.79219250  0.7103008 -0.9284753 -0.9872879 -0.9999941
                                                                           
 [1,]  0.9873696 -0.34431044  0.75909524 -0.66058500  0.7983121 -0.44068003
 [2,]  0.9851595  0.90938506  0.88144493  0.92026579  0.9132446  0.25731134
 [3,] -0.9946679 -0.99068486  0.92808565 -0.83468973 -0.9896068 -0.98627192
 [4,] -0.9427912  0.94377988 -0.99483239 -0.85954632 -0.9933211 -0.99577780
 [5,] -0.9450565 -0.02443995  0.10401970  0.23932685 -0.5283913 -0.42218643
 [6,] -0.9514126 -0.02443995  0.43504491 -0.37422594 -0.6749658 -0.42218643
 [7,] -0.9449635  0.20564231  0.73169237  0.22255095 -0.5282273  0.13694450
 [8,] -0.9450565 -0.02443995  0.10401970 -0.37422594 -0.6749658 -0.42218643
 [9,] -0.5519575  0.03594815 -0.37096206 -0.61799853 -0.9921701 -0.73101627
[10,] -0.9540900  0.83800353 -0.97656811 -0.33678246 -0.9994476 -0.99736439
[11,] -0.9834695 -0.02443995  0.71601103 -0.19011580 -0.6749658 -0.42218643
[12,] -0.9452766  0.26953849  0.67457766 -0.37422594 -0.6748177 -0.42218643
[13,] -0.9444882 -0.02443995  0.95539202  0.51639903 -0.9358075 -0.42218643
[14,] -0.9878231  0.89148461 -0.99425356 -0.87597932 -0.9994266 -0.98904149
[15,] -0.9100972  0.97398517 -0.97622281 -0.84952106 -0.9903835 -0.99280065
[16,] -0.9878231  0.89148461 -0.98492547 -0.87597932 -0.9994384 -0.98939721
                                                                          
 [1,] -0.6981296 -0.8238527 -0.03148258  0.45486219 -0.6344286  0.18484931
 [2,]  0.9779256  0.9152241  0.10778633  0.56415071  0.9352430 -0.97620459
 [3,]  0.9716925 -0.9985164 -0.91065687 -0.98434579  0.9978668 -0.95979142
 [4,]  0.9941653 -0.9981061 -0.99841464 -0.89101899  0.6608285 -0.98399402
 [5,]  0.4849625  0.6581912 -0.97475798 -0.15002975  0.4828038 -0.65608566
 [6,]  0.5842974  0.6659917 -0.97830724 -0.49616771  0.4876965 -0.65608566
 [7,]  0.4987313  0.8677867 -0.97846402  0.23756180  0.5166937 -0.05091477
 [8,]  0.5842974  0.6581912 -0.97830724 -0.15002975  0.4876965 -0.65608566
 [9,]  0.8213415 -0.7666463  0.15005580 -0.14013040  0.9274734 -0.34534729
[10,]  0.9711890 -0.9972006 -0.98994599 -0.89110112  0.9960301 -0.98155529
[11,]  0.2676597  0.5963705 -0.98944375 -0.15015003  0.5167233 -0.46199299
[12,]  0.5842974  0.5963705 -0.97824316 -0.15015003  0.3404464 -0.65608566
[13,]  0.5899484  0.6589138 -0.97830459 -0.07656139  0.5147711 -0.46374825
[14,]  0.9676946 -0.9980705 -0.99528885 -0.89883956  0.6199307 -0.99646439
[15,]  0.9902959 -0.9972044 -0.99799889 -0.89096455  0.6608285 -0.98337200
[16,]  0.9902032 -0.9980705 -0.99529508 -0.89841847  0.8359617 -0.98951226
                                                                          
 [1,]  0.2699126 -0.22833378  0.3418435 -0.65034213  0.4507713 -0.07550381
 [2,]  0.9590470 -0.96930771  0.9843310 -0.17170195  0.9090547 -0.99352452
 [3,] -0.1345522  0.01099111  0.3891191  0.03293097  0.6908805  0.98910870
 [4,] -0.8948081  0.85122317  0.7166936  0.77346002 -0.3616648  0.98944218
 [5,] -0.9986769 -0.99452932  0.5156682 -0.58379609 -0.7059017  0.41495489
 [6,] -0.9992695 -0.99452932  0.5148164 -0.58379609 -0.7059017  0.58109203
 [7,] -0.9858765 -0.99114241  0.4217128 -0.58379609 -0.7864399  0.64967795
 [8,] -0.9986771 -0.99452932  0.5148164 -0.58379609 -0.7059017  0.58109203
 [9,] -0.1439355  0.36501972 -0.7095903 -0.77293080  0.1590540 -0.44522784
[10,] -0.9078819  0.91453848  0.6056529  0.61842318  0.2221200  0.99602638
[11,] -0.9865869 -0.99397329  0.4217128 -0.77522947 -0.6857028  0.31924672
[12,] -0.9986848 -0.99117564  0.4186414 -0.58379609 -0.6857028  0.58109203
[13,] -0.9859933 -0.98894584  0.5146905 -0.93405238 -0.6857088  0.24400333
[14,] -0.8912148  0.94845762  0.8960786 -0.15435795 -0.3671170  0.99981145
[15,] -0.8911631  0.94764532  0.7186812  0.93593422 -0.3616648  0.98944218
[16,] -0.8912148  0.94823910  0.8960786 -0.15435795 -0.3671170  0.99981145
                                                                        
 [1,] -0.3991043  0.9283456 -0.69945525 -0.1514211 -0.7307284 -0.2434304
 [2,]  0.9907369 -0.9786687  0.98023611 -0.8893043  0.9631525 -0.9872170
 [3,]  0.9593304 -0.9828377  0.99843066 -0.9298766 -0.4200410  0.9998775
 [4,]  0.9482805 -0.9848224  0.14580763 -0.9982643 -0.9488238  0.9757675
 [5,] -0.7548442  0.6334827 -0.82017419 -0.8109158  0.2575549  0.9559585
 [6,] -0.7548442  0.5356220 -0.72308868 -0.8109158  0.2575549  0.9207270
 [7,] -0.8448555  0.6341137 -0.76902867 -0.8017351  0.2575549  0.9522885
 [8,] -0.7548442  0.5356220 -0.96256302 -0.8109158  0.2575549  0.9207270
 [9,]  0.5033105  0.9008772 -0.78245429  0.2772537  0.1941960  0.9162592
[10,]  0.9871447 -0.9796137 -0.10554887 -0.8879205 -0.9950623  0.9996769
[11,] -0.7548442  0.6324172 -0.72308868 -0.7175551  0.2575549  0.9218565
[12,] -0.7548442  0.6324172 -0.81940583 -0.8558976  0.2575549  0.8942940
[13,] -0.9130724  0.4659017 -0.72308868 -0.7951407  0.2575549  0.9787799
[14,]  0.9318288 -0.9722641  0.99028805 -0.9951672 -0.9456401  0.9826662
[15,]  0.9057205 -0.9725776  0.14580763 -0.7476762 -0.9456531  0.9825344
[16,]  0.8994682 -0.9503084  0.99028805 -0.9162624 -0.6111119  0.9999390
                                                                         
 [1,]  0.9508974  0.56097835 -0.8543612  0.71899962 0.9700595  0.86398877
 [2,]  0.9996428 -0.99646904  0.9744126 -0.81352664 0.9506725 -0.85932583
 [3,]  0.9753423 -0.99762445  0.9551857 -0.91813393 0.9513109 -0.97258447
 [4,]  0.8388064 -0.99998458  0.9706361 -0.90840742 0.9408702 -0.84623728
 [5,]  0.3692754  0.69509245  0.5984168  0.49079421 0.9926535  0.11240665
 [6,]  0.3698849  0.69509245  0.4116887  0.49079421 0.9585907  0.12333279
 [7,]  0.3703678  0.69599755  0.6061631  0.04952934 0.9585907  0.44290676
 [8,]  0.3698849  0.69509245  0.5939046  0.49079421 0.9918934  0.11240665
 [9,] -0.9584262  0.03532264 -0.2036486  0.37232345 0.9947088 -0.56241081
[10,]  0.8848465 -0.99798469  0.9752159 -0.94196011 0.9464041 -0.97132931
[11,]  0.3698849  0.57012841  0.4417164  0.04952934 0.9591446  0.69631623
[12,]  0.3486794  0.57012841  0.5983237  0.04952934 0.9365752  0.48139483
[13,]  0.3698849  0.59389057  0.5010206  0.45944422 0.9591446  0.69631623
[14,]  0.9186984 -0.99945536  0.9719723 -0.90824795 0.9633900 -0.97960699
[15,]  0.8974934 -0.99969816  0.9715894 -0.89057829 0.9925555 -0.88088725
[16,]  0.9186984 -0.99944512  0.9719723 -0.90824795 0.9977159 -0.97960699
 [ reached getOption("max.print") -- omitted 34 rows ]

$objectives
                              5
 [1,] 0.000000000   1.110734258
 [2,] 1.000000000 -11.997317951
 [3,] 0.999075786  -3.029342807
 [4,] 0.744916821  -0.401891866
 [5,] 0.399260628   0.113194295
 [6,] 0.370609982   0.128652814
 [7,] 0.003696858   0.696249656
 [8,] 0.241219963   0.182665880
 [9,] 0.462107209   0.097935646
[10,] 0.783733826  -0.586099344
[11,] 0.204251386   0.189287804
[12,] 0.081330869   0.310360519
[13,] 0.443622921   0.106166066
[14,] 0.828096118  -1.037394825
[15,] 0.705175601  -0.161805658
[16,] 0.851201479  -1.283727308
[17,] 0.110905730   0.250892559
[18,] 0.022181146   0.437425014
[19,] 0.725508318  -0.263999060
[20,] 0.635859519   0.002947547
[21,] 0.175600739   0.199770584
[22,] 0.944547135  -1.955478159
[23,] 0.901109057  -1.820585774
[24,] 0.924214418  -1.820714840
[25,] 0.509242144   0.061727608
[26,] 0.675600739  -0.113380497
[27,] 0.556377079   0.054209055
[28,] 0.287430684   0.151957581
[29,] 0.896487985  -1.460264455
[30,] 0.327171904   0.137542160
[31,] 0.050831793   0.336795168
[32,] 0.663585952  -0.003543749
[33,] 0.274491682   0.161280788
[34,] 0.963955638  -2.024595020
[35,] 0.512939002   0.060452925
[36,] 0.594269871   0.026752609
[37,] 0.819778189  -0.884145263
[38,] 0.799445471  -0.806116687
[39,] 0.608133087   0.016187474
[40,] 0.981515712  -2.545521143
[41,] 0.136783734   0.244469831
[42,] 0.152495379   0.237637376
[43,] 0.862292052  -1.388070663
[44,] 0.323475046   0.151093774
[45,] 0.563770795   0.046642651
[46,] 0.879852126  -1.457183989
[47,] 0.970425139  -2.243420678
[48,] 0.041589649   0.427770237
[49,] 0.994454713  -2.726915664
[50,] 0.788354898  -0.715095197

$paretoFrontRank
 [1] 1 1 1 1 1 1 1 1 1 1 1 1 1 1 1 1 1 1 1 1 1 1 1 1 1 1 1 1 1 1 1 1 1 1 1 1 1 1 1
[40] 1 1 1 1 1 1 1 1 1 1 1

$crowdingDistance
 [1]        Inf        Inf 0.70503972 0.08279821 0.07472843 0.07394620 0.07354722
 [8] 0.07237692 0.06900939 0.06733204 0.06692412 0.06662736 0.06401065 0.06190700
[15] 0.06139812 0.06094864 0.06047960 0.05837481 0.05805715 0.05695814 0.05544455
[22] 0.05529503 0.05522483 0.05372888 0.05369131 0.05366329 0.05188536 0.04976052
[29] 0.04898049 0.04884693 0.04869829 0.04861577 0.04855343 0.04784485 0.04770852
[36] 0.04668569 0.04629462 0.04431995 0.04340571 0.04280430 0.04260087 0.04222707
[43] 0.04188348 0.04084096 0.03998742 0.03970352 0.03682362 0.03632760 0.03451256
[50] 0.03249654

attr(,"class")
[1] "nsga2R"